1.0,0.011498047994733739,0.011498047994733739,0.13793250541020494,0.2518802425678993,0.32115467482741833,0.3267253179733114,0.32709367380098375,0.3225752801779086,0.3412118009480889,0.33206070254467784,0.32892577527353706,0.3299239879226121,0.3313473343715157,0.3322186468877379,0.33294604217060514,0.33325050962038916,0.3313002624939405,0.32664967319240895,0.32109896983251657,0.3164483805309852,0.31449813340453636,0.3147261507407126,0.31526988438851755,0.3159188568068653,0.3164625904546702,0.3166906077908464,0.3164934220928573,0.315933146919615,0.3150567051522066,0.313911019671719,0.3125430133592397
0.011498047994733739,1.0,0.9999999999999999,0.7753445892321263,0.7191452152482198,0.8690485551137513,0.8379592435180646,0.8325490917321948,0.8306609977306221,0.82564904022152,0.8280488020248997,0.8304175474176729,0.8265777035710817,0.8284271711073872,0.8291116807457551,0.8277854085582218,0.8317955501342139,0.8274373302267506,0.8305454826974693,0.8415740408384128,0.8379154564484709,0.8335187208834821,0.8308520903716866,0.8029157951093421,0.5839143776435657,0.6565636910400979,0.8515407362586348,0.7990622663895992,0.8151391979961918,0.9019188125290357,0.541247954107204,0.8474117604163345
0.011498047994733739,0.9999999999999999,1.0,0.7753445892321263,0.7191452152482198,0.8690485551137513,0.8379592435180646,0.8325490917321948,0.8306609977306221,0.82564904022152,0.8280488020248997,0.8304175474176729,0.8265777035710817,0.8284271711073872,0.8291116807457551,0.8277854085582218,0.8317955501342139,0.8274373302267506,0.8305454826974693,0.8415740408384128,0.8379154564484709,0.8335187208834821,0.8308520903716866,0.8029157951093421,0.5839143776435657,0.6565636910400979,0.8515407362586348,0.7990622663895992,0.8151391979961918,0.9019188125290357,0.541247954107204,0.8474117604163345
0.13793250541020494,0.7753445892321263,0.7753445892321263,1.0,0.9608697242990613,0.9389806927929809,0.9518123221435074,0.9547976876983044,0.9571051622803379,0.9527059473747728,0.9545373862188273,0.9555738152450496,0.956388533984844,0.9541356075095709,0.9540474415736191,0.954537908944293,0.9537461522338601,0.9557093465885375,0.9561619939742347,0.9548144232964823,0.9012280326324902,0.9458363841874998,0.9493756267151816,0.9362039471313772,0.7123307555505155,0.7890930058372311,0.961088570492196,0.9366158393752542,0.9311696691010698,0.6650617913628721,0.8806548464440423,0.961403984617872
0.2518802425678993,0.7191452152482198,0.7191452152482198,0.9608697242990613,1.0,0.9505749096298935,0.9668506485507766,0.9681845170562713,0.9691922166153047,0.9681678766305272,0.9688239678616087,0.9673211007202426,0.9685158615268973,0.9651125250923799,0.9666529337622717,0.9670638936236651,0.9631180384289636,0.9646336407271808,0.9643107655581371,0.9579049895828287,0.8747821568561573,0.9724884975517596,0.971000513878461,0.9814467502949014,0.8731970731597594,0.9220061637184096,0.9322555610313833,0.857903157337661,0.9292656577832609,0.6682420204278362,0.7875485195300964,0.9550813409313533
0.32115467482741833,0.8690485551137513,0.8690485551137513,0.9389806927929809,0.9505749096298935,1.0,0.9971289513527243,0.9958511428957166,0.9949875863479258,0.9951627587958003,0.9950941168107452,0.9949105242711546,0.9941238709288066,0.9932355368571754,0.9944431789390487,0.9942589194419487,0.9939746232667765,0.9927242693785088,0.9931202499279306,0.9935176799637736,0.9440528215947986,0.9952860154070676,0.9938051562492043,0.9858117280991802,0.8151668944025188,0.878620264097831,0.9848030306226567,0.9225957777241706,0.9645892018464747,0.8438309958233684,0.7709035128196284,0.9937717948419675
0.3267253179733114,0.8379592435180646,0.8379592435180646,0.9518123221435074,0.9668506485507766,0.9971289513527243,1.0,0.9998042596229261,0.9995657869801781,0.9996147393837989,0.9996561532677815,0.9994559114772777,0.9992618981563215,0.9983359733791756,0.9992763896628623,0.9992359702482079,0.9984719991802778,0.9980067251396159,0.9981100627963185,0.9961946395308375,0.936764332669608,0.9984928670294525,0.9985016977308651,0.9914688975421465,0.8253470045704464,0.8882440658572144,0.9836442553342917,0.9217882160730528,0.9741193122456391,0.8141057733061042,0.798284094733209,0.996272001995686
0.32709367380098375,0.8325490917321948,0.8325490917321948,0.9547976876983044,0.9681845170562713,0.9958511428957166,0.9998042596229261,1.0,0.9999278541663338,0.9998547093885333,0.9999373256472975,0.999871433475281,0.9997893584665551,0.9990547264592554,0.9997520854767185,0.9997435110983031,0.9991128072047087,0.9988421743587951,0.9988943784854875,0.9966471502745894,0.93664163419701,0.9979275296113264,0.998658651744435,0.9906937951425059,0.8217045414053343,0.8854035761166036,0.9840224621571813,0.9241145825578261,0.9763778533578349,0.8105876461047694,0.8072133874518197,0.996966800928442
0.3225752801779086,0.8306609977306221,0.8306609977306221,0.9571051622803379,0.9691922166153047,0.9949875863479258,0.9995657869801781,0.9999278541663338,1.0,0.9997679536971649,0.9999232811544567,0.9999397574208152,0.9999165676982039,0.9992835239215538,0.9998394117687199,0.999844416298217,0.9992807368481222,0.9991287076845355,0.9991755440014968,0.9968186347124033,0.9364501405703315,0.9975778465383374,0.9986980396786325,0.9902657855743934,0.8197267594842179,0.8839014143196214,0.9839550089580246,0.924812868277665,0.9778981985136158,0.8068609198640223,0.8115860244792426,0.9971127505690699
0.3412118009480889,0.82564904022152,0.82564904022152,0.9527059473747728,0.9681678766305272,0.9951627587958003,0.9996147393837989,0.9998547093885333,0.9997679536971649,1.0,0.99994615243688,0.9997974921087718,0.9997761720941277,0.9990082280940301,0.9997379303674965,0.9997537423543522,0.9990516649494531,0.9988023079124322,0.9987592302404502,0.996360731299555,0.9358952406216151,0.9976572929205036,0.998371073689196,0.9905796583043022,0.8231680494846706,0.8864415189927041,0.9834512081397243,0.9236800448932425,0.9766543896947438,0.8076434795040317,0.8097472824994808,0.9964757684429063
0.33206070254467784,0.8280488020248997,0.8280488020248997,0.9545373862188273,0.9688239678616087,0.9950941168107452,0.9996561532677815,0.9999373256472975,0.9999232811544567,0.99994615243688,1.0,0.9999053851948453,0.9998874656545745,0.9991550495776865,0.9998401551194586,0.9998476135027293,0.9991618965206834,0.9989528514693572,0.9989521215987837,0.9965266612416611,0.9355771259826107,0.9978079090710323,0.9986473520572684,0.990640860131466,0.8225511080762445,0.8861032332862046,0.9833616804469525,0.9233505278351023,0.9774682399805493,0.8073017202108452,0.8100121622137675,0.9967254773200078
0.32892577527353706,0.8304175474176729,0.8304175474176729,0.9555738152450496,0.9673211007202426,0.9949105242711546,0.9994559114772777,0.999871433475281,0.9999397574208152,0.9997974921087718,0.9999053851948453,1.0,0.9999654024131993,0.9995588807385757,0.9999498455477949,0.9999560538171012,0.9995886297975494,0.999435197105456,0.9994559915605875,0.9972371000084721,0.9380375240021777,0.9971386883463063,0.9986051073256482,0.9894417530267593,0.8173285303244762,0.8818605906448094,0.984243803495361,0.9259165401297212,0.9793231283599114,0.8094601512965764,0.8132496221024856,0.997329540576605
0.3299239879226121,0.8265777035710817,0.8265777035710817,0.956388533984844,0.9685158615268973,0.9941238709288066,0.9992618981563215,0.9997893584665551,0.9999165676982039,0.9997761720941277,0.9998874656545745,0.9999654024131993,1.0,0.9995361827966575,0.9999507886389495,0.9999695900519333,0.999509704466022,0.9994306858419066,0.9994180606884339,0.996861556605403,0.9362264445878843,0.9969722011686246,0.9985327322838224,0.9895111816415755,0.8179292108740525,0.8823743490498323,0.9836898443082305,0.9254726988672725,0.9796114783714124,0.8057605475356671,0.815847077207259,0.9970689557162403
0.3313473343715157,0.8284271711073872,0.8284271711073872,0.9541356075095709,0.9651125250923799,0.9932355368571754,0.9983359733791756,0.9990547264592554,0.9992835239215538,0.9990082280940301,0.9991550495776865,0.9995588807385757,0.9995361827966575,1.0,0.9996187211695065,0.9996339361571495,0.9999378160240384,0.9999503257379835,0.9999392142441736,0.9980421079630263,0.9419639566209855,0.9956171812746805,0.9985045650922818,0.9878175988456094,0.8138934960772591,0.8788935275621896,0.9827732815869271,0.9255468063996991,0.9834154291626791,0.8123110598125299,0.8161108910898343,0.9969292063991341
0.3322186468877379,0.8291116807457551,0.8291116807457551,0.9540474415736191,0.9666529337622717,0.9944431789390487,0.9992763896628623,0.9997520854767185,0.9998394117687199,0.9997379303674965,0.9998401551194586,0.9999498455477949,0.9999507886389495,0.9996187211695065,1.0,0.9999943982484437,0.9996141769943451,0.9994763328344645,0.9994713885912186,0.996866141519913,0.9360981415059462,0.9969849992960097,0.9986475921815156,0.989332699705984,0.8181550465763112,0.8825210968214864,0.9832144854221492,0.9243506432718686,0.9804913917128775,0.8103464233797174,0.8132461509679316,0.9969910373328383
0.33294604217060514,0.8277854085582218,0.8277854085582218,0.954537908944293,0.9670638936236651,0.9942589194419487,0.9992359702482079,0.9997435110983031,0.999844416298217,0.9997537423543522,0.9998476135027293,0.9999560538171012,0.9999695900519333,0.9996339361571495,0.9999943982484437,1.0,0.9996217214401388,0.9995085605935761,0.999492161085622,0.9969218355023388,0.936380299900182,0.9968980591079482,0.9985913341727766,0.9892914396738781,0.8178851851147535,0.8822943792791972,0.9833383811569802,0.9247998706947272,0.9804267957667951,0.8090713135048303,0.8144815475170912,0.9970194073257633
0.33325050962038916,0.8317955501342139,0.8317955501342139,0.9537461522338601,0.9631180384289636,0.9939746232667765,0.9984719991802778,0.9991128072047087,0.9992807368481222,0.9990516649494531,0.9991618965206834,0.9995886297975494,0.999509704466022,0.9999378160240384,0.9996141769943451,0.9996217214401388,1.0,0.9999301314056174,0.9999395371919687,0.9983132257398659,0.9437258251683976,0.9953810607504393,0.9981576670018198,0.9869142488637276,0.8099533884810989,0.8756127731584177,0.9843753948235733,0.9283897559924446,0.9829727946659528,0.815406674028434,0.8167434749319173,0.9974992754852148
0.3313002624939405,0.8274373302267506,0.8274373302267506,0.9557093465885375,0.9646336407271808,0.9927242693785088,0.9980067251396159,0.9988421743587951,0.9991287076845355,0.9988023079124322,0.9989528514693572,0.999435197105456,0.9994306858419066,0.9999503257379835,0.9994763328344645,0.9995085605935761,0.9999301314056174,1.0,0.9999807165853017,0.9981897609371311,0.9432344246990205,0.9948502627754675,0.9980095062379384,0.9866448626937041,0.8092218398720841,0.8750387072068202,0.9838143165756281,0.9285287792226355,0.9837553682039957,0.8105874142824496,0.8209277424690529,0.9972565091934887
0.32664967319240895,0.8305454826974693,0.8305454826974693,0.9561619939742347,0.9643107655581371,0.9931202499279306,0.9981100627963185,0.9988943784854875,0.9991755440014968,0.9987592302404502,0.9989521215987837,0.9994559915605875,0.9994180606884339,0.9999392142441736,0.9994713885912186,0.999492161085622,0.9999395371919687,0.9999807165853017,1.0,0.9983329205423392,0.9437348072288103,0.9949785210142387,0.9980858733964193,0.9866138558307613,0.8085308533447327,0.8745240983955874,0.9841406334627185,0.9287556915933812,0.9836618520124999,0.8120794047718223,0.8196498500194342,0.9974596183431068
0.32109896983251657,0.8415740408384128,0.8415740408384128,0.9548144232964823,0.9579049895828287,0.9935176799637736,0.9961946395308375,0.9966471502745894,0.9968186347124033,0.996360731299555,0.9965266612416611,0.9972371000084721,0.996861556605403,0.9980421079630263,0.996866141519913,0.9969218355023388,0.9983132257398659,0.9981897609371311,0.9983329205423392,1.0,0.9601432503784243,0.9924317932146672,0.9956227617325757,0.9822209968550256,0.7969543351900508,0.8644327386737676,0.9868075605114903,0.9344904194697609,0.9814535274500643,0.8201179813038697,0.8159806497871128,0.9973910989977587
0.3164483805309852,0.8379154564484709,0.8379154564484709,0.9012280326324902,0.8747821568561573,0.9440528215947986,0.936764332669608,0.93664163419701,0.9364501405703315,0.9358952406216151,0.9355771259826107,0.9380375240021777,0.9362264445878843,0.9419639566209855,0.9360981415059462,0.936380299900182,0.9437258251683976,0.9432344246990205,0.9437348072288103,0.9601432503784243,1.0,0.9266516351093143,0.9337457679152021,0.9087031675484112,0.6820577300489374,0.7561932900078732,0.955058887932916,0.9325187003176556,0.9257277102062407,0.8214109242962803,0.7801743625961577,0.9489471643040445
0.31449813340453636,0.8335187208834821,0.8335187208834821,0.9458363841874998,0.9724884975517596,0.9952860154070676,0.9984928670294525,0.9979275296113264,0.9975778465383374,0.9976572929205036,0.9978079090710323,0.9971386883463063,0.9969722011686246,0.9956171812746805,0.9969849992960097,0.9968980591079482,0.9953810607504393,0.9948502627754675,0.9949785210142387,0.9924317932146672,0.9266516351093143,1.0,0.9986414556029521,0.9960201439872209,0.8523288960461334,0.910099841487641,0.9736881202238005,0.9007345556072428,0.9692817918169653,0.8104552933232945,0.773914515673193,0.9912204974123612
0.3147261507407126,0.8308520903716866,0.8308520903716866,0.9493756267151816,0.971000513878461,0.9938051562492043,0.9985016977308651,0.998658651744435,0.9986980396786325,0.998371073689196,0.9986473520572684,0.9986051073256482,0.9985327322838224,0.9985045650922818,0.9986475921815156,0.9985913341727766,0.9981576670018198,0.9980095062379384,0.9980858733964193,0.9956227617325757,0.9337457679152021,0.9986414556029521,1.0,0.9939940012220789,0.8409638807834373,0.901089016944627,0.9750133557191888,0.9067829777924838,0.9786689478075645,0.8124681375887048,0.7890341246277769,0.9933238184680985
0.31526988438851755,0.8029157951093421,0.8029157951093421,0.9362039471313772,0.9814467502949014,0.9858117280991802,0.9914688975421465,0.9906937951425059,0.9902657855743934,0.9905796583043022,0.990640860131466,0.9894417530267593,0.9895111816415755,0.9878175988456094,0.989332699705984,0.9892914396738781,0.9869142488637276,0.9866448626937041,0.9866138558307613,0.9822209968550256,0.9087031675484112,0.9960201439872209,0.9939940012220789,1.0,0.888222727427703,0.9376981814842684,0.955118453466471,0.87155621198122,0.9554611164128908,0.7829579873671138,0.7448696128279657,0.9778916781497352
0.3159188568068653,0.5839143776435657,0.5839143776435657,0.7123307555505155,0.8731970731597594,0.8151668944025188,0.8253470045704464,0.8217045414053343,0.8197267594842179,0.8231680494846706,0.8225511080762445,0.8173285303244762,0.8179292108740525,0.8138934960772591,0.8181550465763112,0.8178851851147535,0.8099533884810989,0.8092218398720841,0.8085308533447327,0.7969543351900508,0.6820577300489374,0.8523288960461334,0.8409638807834373,0.888222727427703,1.0,0.9922989157559505,0.7178389077544427,0.5566750331976815,0.7647155982009357,0.6250263650393573,0.4247565007073532,0.7781613767425657
0.3164625904546702,0.6565636910400979,0.6565636910400979,0.7890930058372311,0.9220061637184096,0.878620264097831,0.8882440658572144,0.8854035761166036,0.8839014143196214,0.8864415189927041,0.8861032332862046,0.8818605906448094,0.8823743490498323,0.8788935275621896,0.8825210968214864,0.8822943792791972,0.8756127731584177,0.8750387072068202,0.8745240983955874,0.8644327386737676,0.7561932900078732,0.910099841487641,0.901089016944627,0.9376981814842684,0.9922989157559505,1.0,0.7966634523097499,0.6517122641553855,0.8351738372355152,0.6815499242588324,0.5217368924690825,0.8493687447836189
0.3166906077908464,0.8515407362586348,0.8515407362586348,0.961088570492196,0.9322555610313833,0.9848030306226567,0.9836442553342917,0.9840224621571813,0.9839550089580246,0.9834512081397243,0.9833616804469525,0.984243803495361,0.9836898443082305,0.9827732815869271,0.9832144854221492,0.9833383811569802,0.9843753948235733,0.9838143165756281,0.9841406334627185,0.9868075605114903,0.955058887932916,0.9736881202238005,0.9750133557191888,0.955118453466471,0.7178389077544427,0.7966634523097499,1.0,0.9748191868602069,0.957098468675403,0.8053640598029412,0.85232546983783,0.9926784060373157
0.3164934220928573,0.7990622663895992,0.7990622663895992,0.9366158393752542,0.857903157337661,0.9225957777241706,0.9217882160730528,0.9241145825578261,0.924812868277665,0.9236800448932425,0.9233505278351023,0.9259165401297212,0.9254726988672725,0.9255468063996991,0.9243506432718686,0.9247998706947272,0.9283897559924446,0.9285287792226355,0.9287556915933812,0.9344904194697609,0.9325187003176556,0.9007345556072428,0.9067829777924838,0.87155621198122,0.5566750331976815,0.6517122641553855,0.9748191868602069,1.0,0.9048853374909814,0.7394307465397548,0.9085233611787914,0.9460991462871844
0.315933146919615,0.8151391979961918,0.8151391979961918,0.9311696691010698,0.9292656577832609,0.9645892018464747,0.9741193122456391,0.9763778533578349,0.9778981985136158,0.9766543896947438,0.9774682399805493,0.9793231283599114,0.9796114783714124,0.9834154291626791,0.9804913917128775,0.9804267957667951,0.9829727946659528,0.9837553682039957,0.9836618520124999,0.9814535274500643,0.9257277102062407,0.9692817918169653,0.9786689478075645,0.9554611164128908,0.7647155982009357,0.8351738372355152,0.957098468675403,0.9048853374909814,1.0,0.8063176011840075,0.8344109016729218,0.978271109412894
0.3150567051522066,0.9019188125290357,0.9019188125290357,0.6650617913628721,0.6682420204278362,0.8438309958233684,0.8141057733061042,0.8105876461047694,0.8068609198640223,0.8076434795040317,0.8073017202108452,0.8094601512965764,0.8057605475356671,0.8123110598125299,0.8103464233797174,0.8090713135048303,0.815406674028434,0.8105874142824496,0.8120794047718223,0.8201179813038697,0.8214109242962803,0.8104552933232945,0.8124681375887048,0.7829579873671138,0.6250263650393573,0.6815499242588324,0.8053640598029412,0.7394307465397548,0.8063176011840075,1.0,0.4917423566034351,0.8201513762050053
0.313911019671719,0.541247954107204,0.541247954107204,0.8806548464440423,0.7875485195300964,0.7709035128196283,0.798284094733209,0.8072133874518197,0.8115860244792426,0.8097472824994808,0.8100121622137675,0.8132496221024857,0.8158470772072591,0.8161108910898343,0.8132461509679316,0.8144815475170911,0.8167434749319173,0.8209277424690529,0.8196498500194341,0.8159806497871128,0.7801743625961578,0.7739145156731931,0.7890341246277769,0.7448696128279656,0.4247565007073534,0.5217368924690825,0.8523254698378301,0.9085233611787913,0.8344109016729218,0.4917423566034353,1.0,0.832541115132725
0.3125430133592397,0.8474117604163345,0.8474117604163345,0.961403984617872,0.9550813409313533,0.9937717948419675,0.9962720019956861,0.996966800928442,0.9971127505690698,0.9964757684429063,0.9967254773200078,0.997329540576605,0.9970689557162404,0.9969292063991341,0.9969910373328383,0.9970194073257633,0.9974992754852149,0.997256509193489,0.9974596183431069,0.9973910989977585,0.9489471643040445,0.9912204974123611,0.9933238184680984,0.9778916781497352,0.7781613767425657,0.8493687447836188,0.9926784060373157,0.9460991462871846,0.978271109412894,0.8201513762050053,0.832541115132725,1.0
